ticker,bullish_premium,bearish_premium,bullish_count,bearish_count,total_premium,total_count,avg_dte,avg_volume_oi_ratio,bullish_vol_oi,bearish_vol_oi,repeat_flow_count,bullish_sweep_count,bearish_sweep_count,bullish_sweep_premium,bearish_sweep_premium,bullish_max_trade_premium,bearish_max_trade_premium,bullish_repeat_count,bearish_repeat_count,bullish_premium_raw,bearish_premium_raw,bullish_delta_premium_raw,bearish_delta_premium_raw,bullish_repeat_2h,bearish_repeat_2h,net_premium_bias,dominant_direction,bullish_premium_per_trade,bearish_premium_per_trade,bullish_breadth,bearish_breadth,flow_imbalance_ratio,dte_score,bullish_accel_ratio,bearish_accel_ratio,bullish_accel_score,bearish_accel_score,dominant_dte_bucket,sweep_share,multileg_count,multileg_share,marketcap,bullish_flow_intensity,bearish_flow_intensity,total_call_premium,total_put_premium,bullish_unusual_premium_share,bearish_unusual_premium_share,bullish_delta_intensity,bearish_delta_intensity,bullish_avg_delta,bearish_avg_delta,bullish_delta_source_mix,bearish_delta_source_mix,bullish_ppt_bps,bearish_ppt_bps,bullish_score,bearish_score,bullish_flow_intensity_contrib,bullish_premium_per_trade_contrib,bullish_vol_oi_contrib,bullish_repeat_contrib,bullish_sweep_contrib,bullish_dte_contrib,bullish_breadth_contrib,bearish_flow_intensity_contrib,bearish_premium_per_trade_contrib,bearish_vol_oi_contrib,bearish_repeat_contrib,bearish_sweep_contrib,bearish_dte_contrib,bearish_breadth_contrib,bullish_score_abs,bearish_score_abs,bullish_flow_intensity_tier,bullish_premium_per_trade_tier,bullish_vol_oi_tier,bullish_repeat_tier,bullish_sweep_tier,bullish_dte_tier,bullish_breadth_tier,bearish_flow_intensity_tier,bearish_premium_per_trade_tier,bearish_vol_oi_tier,bearish_repeat_tier,bearish_sweep_tier,bearish_dte_tier,bearish_breadth_tier,bullish_zscore_tier,bearish_zscore_tier,bullish_unusual_premium_share_z,bullish_unusual_premium_share_tier,bearish_unusual_premium_share_z,bearish_unusual_premium_share_tier,lottery_bullish_premium,lottery_bearish_premium,swing_bullish_premium,swing_bearish_premium,leap_bullish_premium,leap_bearish_premium
ABVX,5.912379920334239e-56,3.487600873537673e-56,3,1,1.2887581667409586e-55,4,52.0,10.226644,10.020761,10.844291,4,1,0,1.1903038556857895e-56,0.0,3.3027789983520257e-56,3.487600873537673e-56,3,1,2775788.0,1553160.0,3.303468282231674e-56,1.9223463654375789e-56,3,1,2.424779046796566e-56,LONG,1.9707933067780797e-56,3.487600873537673e-56,0.441379,0.0,1.6952570362035075,1.0,1.0,0.0,0.6923076923076923,-0.3076923076923077,31-90,0.3333,0,0.0,9468349831.0,0.000293,0.000164,,,,,0.0,0.0,0.558737,0.551194,0.0,0.0,2.081453835097614e-62,3.683430519348829e-62,0.44359302695722447,0.324024588738494,1.4808,0.0,1.6502,0.3111,0.15,0.6,0.2438,0.9901,0.0,1.6502,0.0,0.0,0.6,0.0,0.5904953253968253,0.52,1,4,1,4,4,4,4,1,4,1,4,4,4,4,4,4,-3.5,1,-1.4552418541600582,1,0.0,0.0,2775788.0,3106320.0,5098600.0,0.0
AMAT,0.0693742476618203,3.760569337879293e-14,1,1,0.13874849532371583,2,40.0,2.038157,2.635701,1.440613,2,1,0,0.0693742476618203,0.0,0.0693742476618203,3.760569337879293e-14,1,1,2005540.0,903000.0,0.0277447428442407,1.2722360109422471e-14,1,0,0.0693742476617827,LONG,0.0693742476618203,3.760569337879293e-14,0.0,0.0,99.0,1.0,0.0,0.0,-0.3076923076923077,-0.3076923076923077,31-90,1.0,0,0.0,393938850383.0,5e-06,2e-06,,,,,0.0,0.0,0.399929,0.338309,0.0,0.0,1.761041024371484e-09,9.546073798568349e-22,0.2829999316448606,0.2553794347375704,0.4298,0.0,1.6502,0.0,0.15,0.6,0.0,0.3036,0.0,1.6502,0.0,0.0,0.6,0.0,0.23671420722592118,0.12814373778098515,1,4,1,4,4,4,4,1,4,1,4,4,4,4,4,4,-3.5,1,-3.5,1,0.0,595350.0,4011080.0,1806000.0,0.0,0.0
ARM,0.0,974810.0998262312,0,2,1949620.1996524625,2,92.0,37.664053,,37.664053,2,0,1,0.0,223142.84542047826,0.0,751667.254405753,0,2,0.0,1049676.5,0.0,113127.81910582738,0,1,-974810.0998262312,SHORT,0.0,487405.0499131156,0.0,0.228909,0.0,0.7,0.0,0.0,-0.3076923076923077,-0.3076923076923077,91+,0.5,0,0.0,265311536534.0,0.0,4e-06,,,,,0.0,0.0,0.0,0.116051,0.0,0.0,0.0,0.0183710462153482,0.07434497539458228,0.27759232239277876,0.2734,0.0,0.1271,0.0,0.0,0.3429,0.0,0.3292,0.0561,1.6502,0.1556,0.15,0.3429,0.0921,0.03428571428571428,0.26208404158989407,1,4,1,4,4,4,4,1,4,1,4,4,4,4,4,4,-3.5,1,-3.085508994639648,1,0.0,0.0,0.0,2099353.0,772187.0,0.0
ASML,267061.6125562954,0.0,1,0,534123.2251125908,1,57.0,3.272727,3.272727,,1,0,0,0.0,0.0,267061.6125562954,0.0,1,0,387005.0,0.0,111348.14495494528,0.0,1,0,267061.6125562954,LONG,267061.6125562954,0.0,0.0,0.0,99.0,1.0,0.0,0.0,-0.3076923076923077,-0.3076923076923077,31-90,0.0,0,0.0,675147686310.0,1e-06,0.0,,,,,0.0,0.0,0.416938,0.0,0.0,0.0,0.003955602869883371,0.0,0.248375285001747,0.07829775569703903,0.2336,0.0,1.6502,0.0,0.0,0.6,0.0,0.1331,0.0,0.0498,0.0,0.0,0.6,0.0,0.23,0.06,1,4,1,4,4,4,4,1,4,1,4,4,4,4,4,4,-3.5,1,-3.1099580163132163,1,0.0,0.0,774010.0,0.0,0.0,0.0
ASST,4.041208550794367e-66,0.0,1,0,8.082417101588734e-66,1,60.0,627.75,627.75,,1,0,0,0.0,0.0,4.041208550794367e-66,0.0,1,0,690387.5,0.0,2.2572685535443276e-66,0.0,1,0,4.041208550794367e-66,LONG,4.041208550794367e-66,0.0,0.0,0.0,99.0,1.0,0.0,0.0,-0.3076923076923077,-0.3076923076923077,31-90,0.0,0,0.0,1114315191.0,0.00062,0.0,4810896.0,941529.0,0.14350497287823308,0.0,0.0,0.0,0.558563,0.0,0.0,0.0,3.626629685598863e-71,0.0,0.4105816174653915,0.10857562401621118,1.8556,0.0,1.6502,0.0,0.0,0.6,0.0,0.2574,0.0,0.2283,0.0,0.0,0.6,0.0,0.52,0.06,1,4,1,4,4,4,4,1,4,1,4,4,4,4,4,4,-2.9579346865240956,1,-2.531639794966955,1,0.0,0.0,1380775.0,0.0,0.0,0.0
AXP,0.0,9.637296252899258e-41,0,1,9.637296252899258e-41,1,95.0,1.264493,,1.264493,1,0,0,0.0,0.0,0.0,9.637296252899258e-41,0,1,0.0,564195.0,0.0,4.259474136632491e-41,0,1,-9.637296252899258e-41,SHORT,0.0,9.637296252899258e-41,0.0,0.0,0.0,0.7,0.0,0.0,-0.3076923076923077,-0.3076923076923077,91+,0.0,0,0.0,229537812237.0,0.0,2e-06,,,,,0.0,0.0,0.0,0.441978,0.0,0.0,0.0,4.198565874170073e-48,0.07222218558398838,0.2382251679543053,0.2125,0.0,0.1669,0.0,0.0,0.3429,0.0,0.3892,0.0,1.6502,0.0,0.0,0.3429,0.0,0.03428571428571428,0.09045329206669944,1,4,1,4,4,4,4,1,4,1,4,4,4,4,4,4,-3.5,1,-2.4392716721605545,1,0.0,0.0,0.0,564195.0,0.0,0.0
AXTI,36035.07112628822,2.6735410102212087e-07,5,1,36035.07112711892,6,59.5,5.175717,5.971029,1.199161,6,2,0,36035.07112543919,0.0,36035.07112514333,2.6735410102212087e-07,5,1,4132794.0,546020.5,20473.464434174115,5.5128610797599196e-08,1,0,36035.07112602086,LONG,7207.014225257643,2.6735410102212087e-07,0.0,0.0,99.0,1.0,0.2,0.0,-0.1076923076923077,-0.3076923076923077,8-30,0.4,0,0.0,4815040957.0,0.000858,0.000113,,,,,4e-06,0.0,0.568154,0.206201,0.0,0.0,0.014967711156808014,5.552478232473753e-13,0.419663628433052,0.2882734084989296,0.9824,0.0419,1.6502,0.6222,0.3,0.6,0.0,0.6326,0.0,1.6502,0.0,0.0,0.6,0.0,0.6164116553825063,0.39754294799999995,1,4,1,4,4,4,4,1,4,1,4,4,4,4,4,4,-2.9748941143840604,1,-1.5653679710546229,1,0.0,1576136.0,5546945.0,1092041.0,0.0,0.0
BMNR,18331.066121989184,0.0,2,0,36662.13224397837,2,41.0,25.966413,25.966413,,2,1,0,6.85914760355794e-23,0.0,18331.066121989184,0.0,2,0,799928.0,0.0,9636.030280816442,0.0,1,0,18331.066121989184,LONG,9165.533060994592,0.0,0.0,0.0,99.0,1.0,0.0,0.0,-0.3076923076923077,-0.3076923076923077,8-30,0.5,0,0.0,12209302215.0,6.6e-05,0.0,,,,,1e-06,0.0,0.525667,0.0,0.0,0.0,0.007507008098901901,0.0,0.28925308848639525,0.08498317962700155,0.3262,0.0106,1.6502,0.1556,0.15,0.6,0.0,0.2,0.0,0.0498,0.0,0.0,0.6,0.0,0.4725208979002578,0.06,1,4,1,4,4,4,4,1,4,1,4,4,4,4,4,4,-3.5,1,-1.9841941879754137,1,1026112.0,0.0,1599856.0,0.0,0.0,0.0
BX,0.0021387730017713154,0.0,1,0,0.0021387730017713154,1,99.0,2.50152,2.50152,,1,0,0,0.0,0.0,0.0021387730017713154,0.0,1,0,597552.0,0.0,0.000844592717388758,0.0,1,0,0.0021387730017713154,LONG,0.0021387730017713154,0.0,0.0,0.0,99.0,0.7,0.0,0.0,-0.3076923076923077,-0.3076923076923077,91+,0.0,0,0.0,108908197790.0,5e-06,0.0,,,,,0.0,0.0,0.394896,0.0,0.0,0.0,1.9638310477741632e-10,0.0,0.24184593522985698,0.0655007102014425,0.4254,0.0,1.6502,0.0,0.0,0.3429,0.0,0.2384,0.0,0.0738,0.0,0.0,0.3429,0.0,0.18687561351163545,0.03428571428571428,1,4,1,4,4,4,4,1,4,1,4,4,4,4,4,4,-3.5,1,-3.1187578029949843,1,0.0,0.0,597552.0,0.0,0.0,0.0
CBRS,0.0,121299.06606486239,0,3,242598.13212972478,3,30.0,36.465046,,36.465046,3,0,1,0.0,53881.38705451603,0.0,53881.38705451603,0,3,0.0,1848290.0,0.0,3360.6018133948005,0,3,-121299.06606486239,SHORT,0.0,40433.022021620796,0.0,0.555797,0.0,1.0,0.0,1.0,-0.3076923076923077,0.6923076923076923,8-30,0.3333,0,0.0,24210578940.0,0.0,7.6e-05,,,,,0.0,0.0,0.0,0.027705,0.0,0.0,0.0,0.01670055975192669,0.1399005075682911,0.35290298984393487,0.554,0.0,0.245,0.0,0.0,0.6,0.0,0.443,0.0491,1.6502,0.3111,0.15,0.6,0.3256,0.06,0.5493195160921115,1,4,1,4,4,4,4,1,4,1,4,4,4,4,4,4,-3.5,1,-2.6526897113602104,1,0.0,0.0,0.0,3696580.0,1581373.0,1133220.0
CMI,3.9118701904352566e-23,4.6420092265736624e-30,1,1,7.823740845071436e-23,2,55.0,1.486842,1.486842,,2,0,0,0.0,0.0,3.9118701904352566e-23,4.6420092265736624e-30,1,1,299016.0,563918.0,2.806699494176181e-23,3.6153095487660046e-30,1,0,3.911869726234334e-23,LONG,3.9118701904352566e-23,4.6420092265736624e-30,0.0,0.0,99.0,1.0,0.0,0.0,-0.3076923076923077,-0.3076923076923077,31-90,0.0,0,0.0,83750943956.0,4e-06,7e-06,41211792.0,499705.0,0.007255593253503755,1.1285018160714821,0.0,0.0,0.717483,0.778824,0.0,0.0,4.67083713407508e-30,5.542635112282939e-37,0.3109096668759204,0.1802939431095964,0.8589,0.0,1.6502,0.0,0.0,0.6,0.0,0.8358,0.0,0.3672,0.0,0.0,0.6,0.0,0.1395298022646322,0.0844957395766246,1,4,1,4,4,4,4,1,4,1,4,4,4,4,4,4,-2.4965986617571065,1,-0.2763383101476082,1,0.0,0.0,598032.0,563918.0,0.0,0.0
COIN,398903.1750001869,0.0,1,0,797806.3500003738,1,92.0,1.53527,1.53527,,1,0,0,0.0,0.0,398903.1750001869,0.0,1,0,457385.0,0.0,201950.51351256613,0.0,1,0,398903.1750001869,LONG,398903.1750001869,0.0,0.0,0.0,99.0,0.7,0.0,0.0,-0.3076923076923077,-0.3076923076923077,91+,0.0,0,0.0,35693045726.0,1.3e-05,0.0,,,,,6e-06,0.0,0.506264,0.0,0.0,0.0,0.11175935448669559,0.0,0.26418861924633097,0.08136555752472027,0.2203,0.4286,1.6502,0.0,0.0,0.3429,0.0,0.3166,0.0,0.1542,0.0,0.0,0.3429,0.0,0.1951939693136606,0.03428571428571428,1,4,1,4,4,4,4,1,4,1,4,4,4,4,4,4,-3.5,1,-2.7339852354500414,1,0.0,0.0,914770.0,0.0,0.0,0.0
CRWV,1750.5964913158414,81998.66175338374,1,1,85499.85473601542,2,58.5,3.226563,5.283678,1.169447,2,0,0,0.0,0.0,1750.5964913158414,81998.66175338374,1,1,760500.0,2248000.0,0.46224334584385546,1915.9321314114432,0,1,-80248.0652620679,SHORT,1750.5964913158414,81998.66175338374,0.0,0.0,0.02134908611778169,1.0,0.0,0.0,-0.3076923076923077,-0.3076923076923077,31-90,0.0,0,0.0,41697670470.0,1.8e-05,5.4e-05,,,,,0.0,0.0,0.000264,0.023365,0.0,0.0,0.00041983076550411463,0.019665046231390523,0.24185715446679512,0.2667727410295921,0.1684,0.0,1.6502,0.0,0.0,0.6,0.0,0.3561,0.0615,1.6502,0.0,0.0,0.6,0.0,0.2960330785050311,0.29072906365545353,1,4,1,4,4,4,4,1,4,1,4,4,4,4,4,4,-3.5,1,-3.5,1,0.0,0.0,1521000.0,2248000.0,0.0,0.0
CVNA,0.0,1.6302766771857922e-19,0,1,3.2605533543715844e-19,1,49.0,21.925,,21.925,1,0,1,0.0,1.6302766771857922e-19,0.0,1.6302766771857922e-19,0,1,0.0,350510.0,0.0,1.1975966980035646e-19,0,1,-1.6302766771857922e-19,SHORT,0.0,1.6302766771857922e-19,0.0,0.0,0.0,1.0,0.0,0.0,-0.3076923076923077,-0.3076923076923077,31-90,1.0,0,0.0,50710912273.0,0.0,7e-06,,,,,0.0,0.0,0.0,0.734597,0.0,0.0,0.0,3.2148439144799214e-26,0.11030199742258287,0.27144570988996897,0.3382,0.0,0.1648,0.0,0.0,0.6,0.0,0.3143,0.0,1.6502,0.0,0.15,0.6,0.0,0.06,0.2694957395766246,1,4,1,4,4,4,4,1,4,1,4,4,4,4,4,4,-2.482255371167512,1,-2.155571431983356,1,0.0,0.0,0.0,701020.0,0.0,0.0
DASH,61757.600522060035,0.008253780904289463,3,1,61757.617029621935,4,87.25,56.515568,56.515568,,4,0,1,0.0,0.008253780904289463,61757.60052142659,0.008253780904289463,3,1,3283607.5,270000.0,16276.872455600263,0.005171273325319038,1,0,61757.59226827913,LONG,20585.86684068668,0.008253780904289463,0.0,0.0,99.0,1.0,0.3333333333333333,0.0,0.025641025641025605,-0.3076923076923077,91+,0.0,0,0.0,90068420182.0,3.6e-05,3e-06,,,,,0.0,0.0,0.263561,0.626534,0.0,0.0,0.0022855809837775665,9.163901051679561e-10,0.42526004841998977,0.13546224281141378,1.6913,0.0,1.6502,0.3111,0.0,0.6,0.0,0.327,0.0,0.2776,0.0,0.15,0.6,0.0,0.38740701984740383,0.08332330638683377,1,4,1,4,4,4,4,1,4,1,4,4,4,4,4,4,-3.5,1,-1.9558719588024787,1,532835.0,3436750.0,3908832.0,540000.0,0.0,0.0
DELL,209.64500276752668,0.0,2,0,419.288786925459,2,51.5,19.621951,19.621951,,2,2,0,209.64500276752668,0.0,209.64378415793234,0.0,2,0,2119293.0,0.0,89.69697872913534,0.0,1,0,209.64500276752668,LONG,104.82250138376334,0.0,6e-06,0.0,99.0,1.0,0.0,0.0,-0.3076923076923077,-0.3076923076923077,31-90,1.0,0,0.0,142148461182.0,1.5e-05,0.0,,,,,0.0,0.0,0.427851,0.0,0.0,0.0,7.374156604449885e-06,0.0,0.2913652029629974,0.09457915086854869,0.2079,0.0,1.6502,0.1556,0.3,0.6,0.0,0.2516,0.0,0.0942,0.0,0.0,0.6,0.0,0.33065734262839463,0.06,1,4,1,4,4,4,4,1,4,1,4,4,4,4,4,4,-3.5,1,-3.3414429822418383,1,0.0,0.0,3584291.0,0.0,0.0,0.0
DGX,0.0,3.6497434682532386e-05,0,1,7.299486936506477e-05,1,100.0,2.84507,,2.84507,1,0,0,0.0,0.0,0.0,3.6497434682532386e-05,0,1,0.0,260700.0,0.0,2.1847307669532252e-05,0,1,-3.6497434682532386e-05,SHORT,0.0,3.6497434682532386e-05,0.0,0.0,0.0,0.7,0.0,0.0,-0.3076923076923077,-0.3076923076923077,91+,0.0,1,1.0,26683863514.0,0.0,1e-05,3022875.0,24598.0,0.0,10.598422635986665,0.0,0.0,0.0,0.598598,0.0,0.0,0.0,1.3677717495213384e-11,0.1621989219573859,0.4776607391630425,0.8008,0.0,0.4783,0.0,0.0,0.3429,0.0,2.7836,0.0,1.6502,0.0,0.0,0.3429,0.0,0.03428571428571428,0.22998359832084395,1,4,1,4,4,4,4,1,4,1,4,4,4,4,4,4,-1.8920287815534271,1,2.602076266672064,1,0.0,0.0,0.0,521400.0,0.0,0.0
DRAM,11734.651516392576,253278.34825801576,1,2,529928.4211536268,3,67.666667,11.455903,16.315476,6.59633,3,0,0,0.0,0.0,11734.651516392576,253180.7698628258,1,2,250357.0,1096035.0,1042.305430653493,74684.1852511246,0,1,-241543.6967416232,SHORT,11734.651516392576,126639.17412900788,0.0,0.000385,0.04633104881289906,1.0,0.0,0.0,-0.3076923076923077,-0.3076923076923077,91+,0.0,0,0.0,286480.0,0.0,0.0,,,,,0.0,0.0,0.088823,0.294855,0.0,0.0,0.0,0.0,0.29871581011559833,0.3058814337356671,0.9787,0.0,1.4084,0.0,0.0,0.6,0.0,0.9787,0.0,1.3245,0.1556,0.0,0.6,0.0,0.23,0.24555555555555555,3,4,3,4,4,4,4,3,4,3,4,4,4,4,4,4,-0.6745,3,-0.6745,3,0.0,0.0,500714.0,1576425.0,0.0,0.0
DUOL,3.3740939243782485e-14,0.0,1,0,3.3740939243782485e-14,1,108.0,189.2,189.2,,1,0,0,0.0,0.0,3.3740939243782485e-14,0.0,1,0,614896.0,0.0,8.976920388413943e-16,0.0,1,0,3.3740939243782485e-14,LONG,3.3740939243782485e-14,0.0,0.0,0.0,99.0,0.7,0.0,0.0,-0.3076923076923077,-0.3076923076923077,91+,0.0,0,0.0,5897715362.0,0.000104,0.0,,,,,0.0,0.0,0.026605,0.0,0.0,0.0,5.721018593264299e-20,0.0,0.28291808469490376,0.08778290108560471,0.8362,0.0,1.6502,0.0,0.0,0.3429,0.0,0.4072,0.0,0.1277,0.0,0.0,0.3429,0.0,0.4942857142857142,0.03428571428571428,1,4,1,4,4,4,4,1,4,1,4,4,4,4,4,4,-2.5783954574370367,1,-2.8073913616274777,1,0.0,0.0,614896.0,0.0,0.0,0.0
EMBJ,3.336385548198997e-14,0.0,1,0,3.336385548198997e-14,1,108.0,4.38587,4.38587,,1,0,0,0.0,0.0,3.336385548198997e-14,0.0,1,0,625420.0,0.0,1.8529780329734234e-14,0.0,1,0,3.336385548198997e-14,LONG,3.336385548198997e-14,0.0,0.0,0.0,99.0,0.7,0.0,0.0,-0.3076923076923077,-0.3076923076923077,91+,0.0,0,0.0,56195067307.0,1.1e-05,0.0,1579320.0,360418.0,0.3960058759466099,0.0,0.0,0.0,0.555385,0.0,0.0,0.0,5.937150195001896e-21,0.0,0.4808020881400903,0.21550550783269823,2.815,0.0,1.6502,0.0,0.0,0.3429,0.0,1.45,0.0,0.3622,0.0,0.0,0.3429,0.0,0.24436026748127196,0.03428571428571428,1,4,1,4,4,4,4,1,4,1,4,4,4,4,4,4,-1.3302554666033466,1,-1.5881654507575005,1,0.0,0.0,625420.0,0.0,0.0,0.0
EOSE,0.0,3.723059407228019e-13,0,1,7.446118814456039e-13,1,72.0,242.711111,,242.711111,1,0,0,0.0,0.0,0.0,3.723059407228019e-13,0,1,0.0,539896.5,0.0,2.830957026987964e-13,0,1,-3.723059407228019e-13,SHORT,0.0,3.723059407228019e-13,0.0,0.0,0.0,1.0,0.0,0.0,-0.3076923076923077,-0.3076923076923077,31-90,0.0,0,0.0,1361987363.0,0.0,0.000396,,,,,0.0,0.0,0.0,0.760385,0.0,0.0,0.0,2.733549156452797e-18,0.13531572873814207,0.3015293792579277,0.4714,0.0,0.2817,0.0,0.0,0.6,0.0,0.7651,0.0,1.6502,0.0,0.0,0.6,0.0,0.06,0.52,1,4,1,4,4,4,4,1,4,1,4,4,4,4,4,4,-2.881900942412611,1,-1.4488283302206104,1,0.0,0.0,0.0,1079793.0,0.0,0.0
EWY,222.76736541294395,31118.85650171488,2,3,62460.480368842706,5,56.2,30.344759,53.75,14.741264,5,0,0,0.0,0.0,129.93182065057923,15081.546033839559,2,3,1211998.0,1002410.0,48.173920851586445,10809.989940253045,0,2,-30896.089136301936,SHORT,111.38368270647197,10372.952167238293,0.416738,0.515357,0.007158597405424194,1.0,0.0,0.6666666666666666,-0.3076923076923077,0.3589743589743589,8-30,0.0,0,0.0,26942986807.0,4.5e-05,3.7e-05,,,,,0.0,0.0,0.216252,0.347377,0.0,0.0,4.1340510428314355e-05,0.0038499637184038252,0.29757032242583475,0.3196120389752664,0.3437,0.0,1.6502,0.1556,0.0,0.6,0.2262,0.3382,0.0,1.6502,0.3111,0.0,0.6,0.2967,0.42167548145533074,0.4201850980430044,1,4,1,4,4,4,4,1,4,1,4,4,4,4,4,4,-3.5,1,-2.6135454700519327,1,0.0,540480.0,1211998.0,2004820.0,0.0,0.0
EXE,2.1020590331080034e-49,0.0,1,0,4.204118066216007e-49,1,46.0,215.686275,215.686275,,1,0,0,0.0,0.0,2.1020590331080034e-49,0.0,1,0,550000.0,0.0,3.698151788737468e-50,0.0,1,0,2.1020590331080034e-49,LONG,2.1020590331080034e-49,0.0,0.0,0.0,99.0,1.0,0.0,0.0,-0.3076923076923077,-0.3076923076923077,31-90,0.0,0,0.0,22231308858.0,2.5e-05,0.0,,,,,0.0,0.0,0.17593,0.0,0.0,0.0,9.455399349335078e-56,0.0,0.36744116340925315,0.16702922649839863,1.4242,0.0,1.6502,0.0,0.0,0.6,0.0,0.6615,0.0,0.4087,0.0,0.0,0.6,0.0,0.32049519762896644,0.06,1,4,1,4,4,4,4,1,4,1,4,4,4,4,4,4,-2.1146317411856623,1,-1.2864850226504554,1,0.0,0.0,1100000.0,0.0,1766878.0,0.0
FLEX,1.2067519558459862e-22,0.0,1,0,1.2067519558459862e-22,1,115.0,2.49,2.49,,1,0,0,0.0,0.0,1.2067519558459862e-22,0.0,1,0,597676.0,0.0,7.28566275579703e-23,0.0,1,0,1.2067519558459862e-22,LONG,1.2067519558459862e-22,0.0,0.0,0.0,99.0,0.7,0.0,0.0,-0.3076923076923077,-0.3076923076923077,91+,0.0,0,0.0,41753618603.0,1.4e-05,0.0,1051799.0,17802567.0,0.5682416507336477,0.0,0.0,0.0,0.603742,0.0,0.0,0.0,2.8901733459798405e-29,0.0,0.2787618870467429,0.13727674793127553,0.7946,0.0,1.6502,0.0,0.0,0.3429,0.0,0.5328,0.0,0.4971,0.0,0.0,0.3429,0.0,0.2210002723336744,0.03428571428571428,1,4,1,4,4,4,4,1,4,1,4,4,4,4,4,4,-0.6024219611125877,1,-2.395817066157669,1,0.0,0.0,597676.0,0.0,0.0,0.0
FN,1.5838236730067378e-13,0.0,1,0,3.1676473460134756e-13,1,72.0,1.727273,1.727273,,1,0,0,0.0,0.0,1.5838236730067378e-13,0.0,1,0,259920.0,0.0,8.461744663915052e-14,0.0,1,0,1.5838236730067378e-13,LONG,1.5838236730067378e-13,0.0,0.0,0.0,99.0,1.0,0.0,0.0,-0.3076923076923077,-0.3076923076923077,31-90,0.0,0,0.0,16288737431.0,1.6e-05,0.0,5725799.0,39362951.0,0.04539453795007474,0.0,0.0,0.0,0.534261,0.0,0.0,0.0,9.723428103104387e-20,0.0,0.30612039542644165,0.12392760070644783,0.811,0.0,1.6502,0.0,0.0,0.6,0.0,0.4953,0.0,0.1439,0.0,0.0,0.6,0.0,0.20223148247395847,0.06,1,4,1,4,4,4,4,1,4,1,4,4,4,4,4,4,-2.615425122617049,1,-2.269495292899417,1,0.0,0.0,519840.0,0.0,0.0,640000.0
FSLR,80.75031706518968,0.0,2,0,161.50063413037935,2,95.0,64.311594,64.311594,,2,0,0,0.0,0.0,45.22557906820865,0.0,2,0,661500.0,0.0,10.672657965169904,0.0,2,0,80.75031706518968,LONG,40.37515853259484,0.0,0.439933,0.0,99.0,0.7,0.0,0.0,-0.3076923076923077,-0.3076923076923077,91+,0.0,2,1.0,23901280851.0,2.8e-05,0.0,,,,,0.0,0.0,0.132169,0.0,0.0,0.0,1.6892466468342255e-05,0.0,0.2922901567063147,0.10826100794996027,0.5315,0.0,1.6502,0.1556,0.0,0.3429,0.2428,0.4643,0.0,0.2754,0.0,0.0,0.3429,0.0,0.34468446927535074,0.03428571428571428,1,4,1,4,4,4,4,1,4,1,4,4,4,4,4,4,-2.7902373181397646,1,-2.339762682329801,1,0.0,0.0,1323000.0,0.0,0.0,0.0
GDX,371167.1912640503,0.0,1,0,371167.1912640503,1,57.0,9.018692,9.018692,,1,0,0,0.0,0.0,371167.1912640503,0.0,1,0,671759.0,0.0,186592.2265277601,0.0,1,0,371167.1912640503,LONG,371167.1912640503,0.0,0.0,0.0,99.0,1.0,0.0,0.0,-0.3076923076923077,-0.3076923076923077,31-90,0.0,0,0.0,52.3404,0.0,0.0,,,,,0.0,0.0,0.502717,0.0,0.0,0.0,0.0,0.0,0.262336753944693,0.19891905896802275,0.9787,0.0,1.0446,0.0,0.0,0.6,0.0,0.9787,0.0,0.4105,0.0,0.0,0.6,0.0,0.23,0.06,3,4,3,4,4,4,4,3,4,3,4,4,4,4,4,4,-0.6745,3,-0.6745,3,0.0,0.0,671759.0,0.0,0.0,915051.0
GLD,1325969.7182384059,0.0,1,0,1325969.7182384059,1,92.0,1.73535,1.73535,,1,1,0,1325969.7182384059,0.0,1325969.7182384059,0.0,1,0,1935840.0,0.0,493906.00516469666,0.0,1,0,1325969.7182384059,LONG,1325969.7182384059,0.0,0.0,0.0,99.0,0.7,0.0,0.0,-0.3076923076923077,-0.3076923076923077,91+,1.0,0,0.0,148356696693.0,1.3e-05,0.0,,,,,3e-06,0.0,0.372487,0.0,0.0,0.0,0.08937713954242887,0.0,0.30601538510076465,0.07369949901472019,0.5749,0.3422,1.6502,0.0,0.15,0.3429,0.0,0.2475,0.0,0.1466,0.0,0.0,0.3429,0.0,0.2151662097416517,0.03428571428571428,1,4,1,4,4,4,4,1,4,1,4,4,4,4,4,4,-1.2509902350977093,1,-2.351313796642976,1,690000.0,1700000.0,1935840.0,0.0,0.0,0.0
GLW,0.0,829046.8684409162,0,1,1658093.7368818324,1,120.0,2.371069,,2.371069,1,0,0,0.0,0.0,0.0,829046.8684409162,0,1,0.0,1146964.5,0.0,356307.7183694849,0,1,-829046.8684409162,SHORT,0.0,829046.8684409162,0.0,0.0,0.0,0.7,0.0,0.0,-0.3076923076923077,-0.3076923076923077,91+,0.0,0,0.0,131327264944.0,0.0,9e-06,,,,,0.0,3e-06,0.0,0.42978,0.0,0.0,0.0,0.06312831298165196,0.09335660804474152,0.2702818069536954,0.4509,0.0,0.1398,0.0,0.0,0.3429,0.0,0.4711,0.2387,1.6502,0.0,0.0,0.3429,0.0,0.03428571428571428,0.21774353215949913,1,4,1,4,4,4,4,1,4,1,4,4,4,4,4,4,-3.5,1,-2.805177901690483,1,0.0,0.0,0.0,2293929.0,0.0,0.0
IBIT,0.0,0.0027488913866509073,0,1,0.0027488913866509073,1,99.0,3.008446,,3.008446,1,0,0,0.0,0.0,0.0,0.0027488913866509073,0,1,0.0,1020000.0,0.0,0.0015137914408482444,0,1,-0.0027488913866509073,SHORT,0.0,0.0027488913866509073,0.0,0.0,0.0,0.7,0.0,0.0,-0.3076923076923077,-0.3076923076923077,91+,0.0,0,0.0,64762757065.0,0.0,1.6e-05,,,,,0.0,0.0,0.0,0.550692,0.0,0.0,0.0,4.244555839233259e-10,0.0892516502178924,0.23320881851360484,0.4338,0.0,0.1159,0.0,0.0,0.3429,0.0,0.3391,0.0,1.6502,0.0,0.0,0.3429,0.0,0.03428571428571428,0.2630626327596728,1,4,1,4,4,4,4,1,4,1,4,4,4,4,4,4,-2.6457687765629694,1,-2.1790298188664274,1,0.0,1256975.0,0.0,1020000.0,0.0,12833715.0
IBM,1.1419795940309077e-30,1.808709274581004e-14,3,2,3.6174185491618605e-14,5,86.8,3.371898,4.516141,1.655532,5,1,0,8.102140653170708e-37,0.0,1.1419607675279063e-30,1.8087092745808567e-14,3,2,6321511.0,957579.0,4.39505328852154e-31,1.3242917722869659e-14,0,1,-1.808709274581004e-14,SHORT,3.8065986467696923e-31,9.04354637290502e-15,1.6e-05,0.0,6.31378193322668e-17,1.0,0.0,0.0,-0.3076923076923077,-0.3076923076923077,91+,0.0,0,0.0,223436591932.0,2.8e-05,4e-06,,,,,0.0,0.0,0.384863,0.732175,0.0,0.0,1.7036594650209223e-38,4.047477763023393e-22,0.3270126250143386,0.28273847144808506,0.5588,0.0,1.6502,0.3111,0.15,0.6,0.0,0.4217,0.0,1.6502,0.1556,0.0,0.6,0.0,0.3766733819737635,0.16655627782018778,1,4,1,4,4,4,4,1,4,1,4,4,4,4,4,4,-3.5,1,-2.867044382280142,1,0.0,629145.0,6321511.0,1391772.0,658000.0,0.0
INTC,0.0,0.0003185773774667618,0,2,0.0006371547549335236,2,30.0,1.81564,,1.81564,2,0,0,0.0,0.0,0.0,0.00022366256552026686,0,2,0.0,1560435.0,0.0,0.00015826556998280733,0,2,-0.0003185773774667618,SHORT,0.0,0.0001592886887333809,0.0,0.297933,0.0,1.0,0.0,0.0,-0.3076923076923077,-0.3076923076923077,8-30,0.0,0,0.0,468083200000.0,0.0,3e-06,,,,,0.0,0.0,0.0,0.496788,0.0,0.0,0.0,3.4029994824292112e-12,0.08252850155471023,0.2738184856132971,0.1755,0.0,0.0498,0.0,0.0,0.6,0.0,0.1911,0.0,1.6502,0.1556,0.0,0.6,0.1414,0.06,0.18748045337096075,1,4,1,4,4,4,4,1,4,1,4,4,4,4,4,4,-3.5,1,-2.1410229794599513,1,6523342.0,2480429.0,0.0,3120870.0,0.0,0.0
IWM,6.340254616873151e-05,37894.79290629669,1,2,37894.79303310178,3,33.0,23.041426,31.289474,18.917402,3,0,0,0.0,0.0,6.340254616873151e-05,24939.338703438425,1,2,277614.0,17581427.0,1.915226259189705e-05,13944.413415390114,0,2,-37894.79284289414,SHORT,6.340254616873151e-05,18947.396453148343,0.0,0.34188,1.673120270785182e-09,1.0,0.0,0.0,-0.3076923076923077,-0.3076923076923077,31-90,0.0,0,0.0,82354566316.0,3e-06,0.000213,,,,,0.0,0.0,0.302074,0.367977,0.0,0.0,7.698728680745119e-12,0.002300709881762465,0.2524164290611913,0.2915849449500706,0.274,0.0,1.6502,0.0,0.0,0.6,0.0,0.3374,0.0,1.6502,0.1556,0.0,0.6,0.1728,0.23832330638683377,0.5528326984126984,1,4,1,4,4,4,4,1,4,1,4,4,4,4,4,4,-3.244779519831271,1,-3.5,1,0.0,0.0,555228.0,17581427.0,0.0,0.0
JBL,1794.0818617620682,0.0,1,0,1794.0818617620682,1,45.0,,,,1,0,0,0.0,0.0,1794.0818617620682,0.0,1,0,864500.0,0.0,1425.0719054771462,0.0,1,0,1794.0818617620682,LONG,1794.0818617620682,0.0,0.0,0.0,99.0,1.0,0.0,0.0,-0.3076923076923077,-0.3076923076923077,31-90,0.0,0,0.0,33822128717.0,2.6e-05,0.0,,,,,0.0,0.0,0.794318,0.0,0.0,0.0,0.0005304461693625776,0.0,0.1963298785344545,0.1425892262399946,1.0421,0.0,0.3212,0.0,0.0,0.6,0.0,0.469,0.0,0.3569,0.0,0.0,0.6,0.0,0.15387748664164713,0.06,1,4,1,4,4,4,4,1,4,1,4,4,4,4,4,4,-2.403352173308701,1,-1.9285922868904857,1,0.0,0.0,864500.0,0.0,0.0,0.0
KLAC,0.0,0.0012532355455619694,0,1,0.002506471091123939,1,99.0,3.040816,,3.040816,1,0,0,0.0,0.0,0.0,0.0012532355455619694,0,1,0.0,532800.0,0.0,0.0008458592733452347,0,1,-0.0012532355455619694,SHORT,0.0,0.0012532355455619694,0.0,0.0,0.0,0.7,0.0,0.0,-0.3076923076923077,-0.3076923076923077,91+,0.0,0,0.0,244677016052.0,0.0,2e-06,4833332.0,160951817.0,0.0,0.003310307456796216,0.0,0.0,0.0,0.67494,0.0,0.0,0.0,5.1219994660047085e-11,0.08985862743265184,0.24428310388448202,0.4152,0.0,0.1406,0.0,0.0,0.3429,0.0,0.4498,0.0,1.6502,0.0,0.0,0.3429,0.0,0.03428571428571428,0.20846776806669945,1,4,1,4,4,4,4,1,4,1,4,4,4,4,4,4,-2.6942659810765623,1,-1.9743111019863615,1,0.0,0.0,0.0,1065600.0,0.0,0.0
KWEB,0.0,4.883995778554743e-05,0,1,9.767991557109486e-05,1,100.0,3.181639,,3.181639,1,0,0,0.0,0.0,0.0,4.883995778554743e-05,0,1,0.0,326585.0,0.0,2.8000434478925588e-05,0,1,-4.883995778554743e-05,SHORT,0.0,4.883995778554743e-05,0.0,0.0,0.0,0.7,0.0,0.0,-0.3076923076923077,-0.3076923076923077,91+,0.0,0,0.0,4223436000.0,0.0,7.7e-05,,,,,0.0,0.0,0.0,0.57331,0.0,0.0,0.0,1.1564034067415117e-10,0.09953492162613499,0.2682151844164795,0.4314,0.0,0.2211,0.0,0.0,0.3429,0.0,0.6891,0.0,1.6502,0.0,0.0,0.3429,0.0,0.03428571428571428,0.4424286047751451,1,4,1,4,4,4,4,1,4,1,4,4,4,4,4,4,-2.5187353721369274,1,-1.526352646319358,1,0.0,0.0,0.0,653170.0,0.0,0.0
LABU,0.0,0.0012950314471106119,0,1,0.0025900628942212237,1,36.0,2.953488,,2.953488,1,0,0,0.0,0.0,0.0,0.0012950314471106119,0,1,0.0,365000.0,0.0,0.0007062778595894705,0,1,-0.0012950314471106119,SHORT,0.0,0.0012950314471106119,0.0,0.0,0.0,1.0,0.0,0.0,-0.3076923076923077,-0.3076923076923077,31-90,0.0,0,0.0,742695693.0,0.0,0.000491,,,,,0.0,0.0,0.0,0.545375,0.0,0.0,0.0,1.7436905307469068e-08,0.12472721859759177,0.2958486581320525,0.4135,0.0,0.2338,0.0,0.0,0.6,0.0,0.7083,0.0,1.6502,0.0,0.0,0.6,0.0,0.06,0.516837184,1,4,1,4,4,4,4,1,4,1,4,4,4,4,4,4,-2.631107025556601,1,-1.0978028490617735,1,0.0,0.0,0.0,730000.0,0.0,0.0
LCID,1.1181487757598465e-22,0.0,1,0,2.236297551519693e-22,1,52.0,1.070425,1.070425,,1,0,0,0.0,0.0,1.1181487757598465e-22,0.0,1,0,559514.0,0.0,2.471229094327352e-24,0.0,1,0,1.1181487757598465e-22,LONG,1.1181487757598465e-22,0.0,0.0,0.0,99.0,1.0,0.0,0.0,-0.3076923076923077,-0.3076923076923077,31-90,0.0,0,0.0,2332895442.0,0.00024,0.0,,,,,0.0,0.0,0.022101,0.0,0.0,0.0,4.792965666739241e-28,0.0,0.3420657233962812,0.1742277597927227,1.1705,0.0,1.6502,0.0,0.0,0.6,0.0,0.7475,0.0,0.3948,0.0,0.0,0.6,0.0,0.3887889,0.06,1,4,1,4,4,4,4,1,4,1,4,4,4,4,4,4,-2.067950561504648,1,-2.4535947963638227,1,0.0,0.0,1119028.0,0.0,0.0,0.0
MRVL,0.0,4.4268729825771056e-05,0,1,8.853745965154211e-05,1,30.0,1.921348,,1.921348,1,0,0,0.0,0.0,0.0,4.4268729825771056e-05,0,1,0.0,341347.5,0.0,2.1094010663879293e-05,0,1,-4.4268729825771056e-05,SHORT,0.0,4.4268729825771056e-05,0.0,0.0,0.0,1.0,0.0,0.0,-0.3076923076923077,-0.3076923076923077,8-30,0.0,0,0.0,207563796000.0,0.0,2e-06,,,,,0.0,0.0,0.0,0.476499,0.0,0.0,0.0,2.1327770391022844e-12,0.10972093693444324,0.2664568109232431,0.4397,0.0,0.0575,0.0,0.0,0.6,0.0,0.4144,0.0,1.6502,0.0,0.0,0.6,0.0,0.06,0.16083371778098515,1,4,1,4,4,4,4,1,4,1,4,4,4,4,4,4,-3.5,1,-3.5,1,1535863.0,1102760.0,0.0,682695.0,749550.0,1018660.0
MSTR,338976.433770827,0.0,1,0,338976.433770827,1,120.0,1.436105,1.436105,,1,0,0,0.0,0.0,338976.433770827,0.0,1,0,563151.0,0.0,9983.354437054404,0.0,1,0,338976.433770827,LONG,338976.433770827,0.0,0.0,0.0,99.0,0.7,0.0,0.0,-0.3076923076923077,-0.3076923076923077,91+,0.0,0,0.0,38008038479.0,1.5e-05,0.0,,,,,0.0,0.0,0.029451,0.0,0.0,0.0,0.08918545848087281,0.0,0.28169764251659446,0.1086897414501958,0.4825,0.3415,1.6502,0.0,0.0,0.3429,0.0,0.5327,0.0,0.2113,0.0,0.0,0.3429,0.0,0.18718997286584138,0.03428571428571428,1,4,1,4,4,4,4,1,4,1,4,4,4,4,4,4,-1.7548973710396902,1,-2.837542648129756,1,0.0,0.0,563151.0,0.0,0.0,0.0
MXL,0.0,9.058439270620937e-40,0,3,1.8116878541241873e-39,3,49.666667,9.73059,,9.73059,3,0,1,0.0,8.732593222251371e-40,0.0,8.732593222251371e-40,0,3,0.0,1255382.0,0.0,2.289520201184405e-40,0,1,-9.058439270620937e-40,SHORT,0.0,3.0194797568736455e-40,0.0,0.035972,0.0,1.0,0.0,0.3333333333333333,-0.3076923076923077,0.025641025641025605,31-90,0.3333,0,0.0,6024748678.0,0.0,0.000208,,,,,0.0,0.0,0.0,0.25275,0.0,0.0,0.0,5.011793716640151e-46,0.17087121109787895,0.3872977253738966,0.7196,0.0,0.3891,0.0,0.0,0.6,0.0,1.1617,0.0,1.6502,0.3111,0.15,0.6,0.0,0.06,0.566111111111111,1,4,1,4,4,4,4,1,4,1,4,4,4,4,4,4,-3.5,1,-1.61521245903396,1,0.0,0.0,0.0,2510764.0,0.0,0.0
NOK,4.068838594164753e-21,7.342595316206202e-29,6,1,4.068838667590706e-21,7,80.714286,7.04932,8.00213,1.332458,7,0,0,0.0,0.0,1.618756625236059e-21,7.342595316206202e-29,6,1,4742256.0,535300.0,1.1932547126756213e-21,1.9581901392679153e-29,3,0,4.068838520738799e-21,LONG,6.781397656941255e-22,7.342595316206202e-29,0.602158,0.0,99.0,1.0,0.5,0.0,0.1923076923076923,-0.3076923076923077,91+,0.0,0,0.0,58168888120.0,8.2e-05,9e-06,,,,,0.0,0.0,0.293267,0.266689,0.0,0.0,1.1658118069837459e-28,1.262289095342296e-35,0.44397655960160554,0.277552427723731,1.0531,0.0,1.6502,0.7778,0.0,0.6,0.3587,0.5254,0.0,1.6502,0.0,0.0,0.6,0.0,0.5936136783034485,0.14896375684441537,1,4,1,4,4,4,4,1,4,1,4,4,4,4,4,4,-3.5,1,-1.8752126830291023,1,601480.0,0.0,4742256.0,535300.0,640000.0,0.0
NVDA,0.00014522303583214624,0.00017752165954010115,1,1,0.0005002663549123485,2,30.0,5.75698,1.322783,10.191176,2,0,0,0.0,0.0,0.00014522303583214624,0.00017752165954010115,1,1,1215140.0,1361468.0,3.1599313450808366e-05,0.00015694223308369105,1,1,-3.229862370795491e-05,SHORT,0.00014522303583214624,0.00017752165954010115,0.0,0.0,0.8180581243346318,1.0,0.0,0.0,-0.3076923076923077,-0.3076923076923077,8-30,0.0,0,0.0,5264952000000.0,0.0,0.0,,,,,0.0,0.0,0.217592,0.884074,0.0,0.0,2.7582974323820285e-13,3.371762164975125e-13,0.23351746769016277,0.23351746769016277,0.085,0.0,1.6502,0.0,0.0,0.6,0.0,0.085,0.0,1.6502,0.0,0.0,0.6,0.0,0.115949244,0.23,1,4,1,4,4,4,4,1,4,1,4,4,4,4,4,4,-3.5,1,-3.5,1,12614823.0,3780151.0,1215140.0,2722936.0,0.0,0.0
NVO,0.0,1.5796120211619695e-14,0,1,3.159224042323939e-14,1,73.0,1.69202,,1.69202,1,0,0,0.0,0.0,0.0,1.5796120211619695e-14,0,1,0.0,433921.5,0.0,1.2493707709785736e-14,0,1,-1.5796120211619695e-14,SHORT,0.0,1.5796120211619695e-14,0.0,0.0,0.0,1.0,0.0,0.0,-0.3076923076923077,-0.3076923076923077,31-90,0.0,0,0.0,49960050560.0,0.0,9e-06,,,,,0.0,0.0,0.0,0.790935,0.0,0.0,0.0,3.1617502453583774e-21,0.13100121145644172,0.2648583886816788,0.5318,0.0,0.1782,0.0,0.0,0.6,0.0,0.3984,0.0,1.6502,0.0,0.0,0.6,0.0,0.06,0.1734139728444154,1,4,1,4,4,4,4,1,4,1,4,4,4,4,4,4,-3.5,1,-2.3587878041991686,1,0.0,0.0,0.0,867843.0,0.0,0.0
ON,2.433150056129645e-15,0.0,1,0,2.433150056129645e-15,1,74.0,3.32967,3.32967,,1,0,0,0.0,0.0,2.433150056129645e-15,0.0,1,0,1207149.0,0.0,3.237959054053085e-16,0.0,1,0,2.433150056129645e-15,LONG,2.433150056129645e-15,0.0,0.0,0.0,99.0,1.0,0.0,0.0,-0.3076923076923077,-0.3076923076923077,31-90,0.0,0,0.0,29813491594.0,4e-05,0.0,,,,,0.0,0.0,0.133077,0.0,0.0,0.0,8.161238171175225e-22,0.0,0.29821246042216915,0.12407473014073948,0.732,0.0,1.6502,0.0,0.0,0.6,0.0,0.3799,0.0,0.2608,0.0,0.0,0.6,0.0,0.36860039418122875,0.06,1,4,1,4,4,4,4,1,4,1,4,4,4,4,4,4,-3.5,1,-2.4095941586868395,1,0.0,0.0,1207149.0,0.0,0.0,0.0
ORCL,0.0006270576609562405,4.947011887631364e-14,2,1,0.0006270576610057107,3,56.666667,433.997668,508.871501,284.25,3,1,0,6.334048722658211e-15,0.0,0.0006270576609499064,4.947011887631364e-14,2,1,7619222.0,1339300.0,0.00021553078235657632,2.5488165051571078e-14,1,0,0.0006270576609067704,LONG,0.00031352883047812023,4.947011887631364e-14,0.0,0.0,99.0,1.0,0.0,0.0,-0.3076923076923077,-0.3076923076923077,91+,0.5,0,0.0,414240534510.0,1.8e-05,3e-06,,,,,0.0,0.0,0.343718,0.515223,0.0,0.0,7.568762696026106e-12,1.1942365547309664e-21,0.28351774657309986,0.24293291586586682,0.2795,0.0,1.6502,0.1556,0.15,0.6,0.0,0.1792,0.0,1.6502,0.0,0.0,0.6,0.0,0.32658863406058664,0.23832330638683377,1,4,1,4,4,4,4,1,4,1,4,4,4,4,4,4,-3.5,1,-2.8183751167421085,1,3956454.0,0.0,7619222.0,1339300.0,1568220.0,0.0
PAAS,8.267673802800177e-05,0.0,1,0,8.267673802800177e-05,1,65.0,1.032817,1.032817,,1,0,0,0.0,0.0,8.267673802800177e-05,0.0,1,0,682260.0,0.0,1.722483734534771e-05,0.0,1,0,8.267673802800177e-05,LONG,8.267673802800177e-05,0.0,0.0,0.0,99.0,1.0,0.0,0.0,-0.3076923076923077,-0.3076923076923077,31-90,0.0,0,0.0,21218906414.0,3.2e-05,0.0,,,,,0.0,0.0,0.20834,0.0,0.0,0.0,3.896371302785546e-11,0.0,0.35741378296430215,0.14409752440297535,1.324,0.0,1.6502,0.0,0.0,0.6,0.0,0.5364,0.0,0.3046,0.0,0.0,0.6,0.0,0.2098556274508556,0.06,1,4,1,4,4,4,4,1,4,1,4,4,4,4,4,4,-3.5,1,-1.9827324123676875,1,0.0,0.0,682260.0,0.0,0.0,0.0
PCG,0.0,0.0010453076095247947,0,1,0.0020906152190495893,1,64.0,2.383253,,2.383253,1,0,0,0.0,0.0,0.0,0.0010453076095247947,0,1,0.0,276262.0,0.0,0.00046023651487556914,0,1,-0.0010453076095247947,SHORT,0.0,0.0010453076095247947,0.0,0.0,0.0,1.0,0.0,0.0,-0.3076923076923077,-0.3076923076923077,31-90,0.0,1,1.0,47303950254.0,0.0,6e-06,,,,,0.0,0.0,0.0,0.440288,0.0,0.0,0.0,2.2097681143160002e-10,0.17374360891953344,0.3248239436226306,0.6242,0.0,0.5132,0.0,0.0,0.6,0.0,0.9981,0.0,1.6502,0.0,0.0,0.6,0.0,0.06,0.2085712333049481,1,4,1,4,4,4,4,1,4,1,4,4,4,4,4,4,-2.1512262135335645,1,-1.8338145985768806,1,0.0,0.0,0.0,552524.0,0.0,0.0
PYPL,3.2380142842363665e-20,0.0,1,0,3.2380142842363665e-20,1,50.0,2.655272,2.655272,,1,0,0,0.0,0.0,3.2380142842363665e-20,0.0,1,0,830000.0,0.0,8.544384177489863e-21,0.0,1,0,3.2380142842363665e-20,LONG,3.2380142842363665e-20,0.0,0.0,0.0,99.0,1.0,0.0,0.0,-0.3076923076923077,-0.3076923076923077,31-90,0.0,1,1.0,52396978533.0,1.6e-05,0.0,,,,,0.0,0.0,0.263877,0.0,0.0,0.0,6.179772908464639e-27,0.0,0.2780718144504035,0.11486786573920371,0.5305,0.0,1.6502,0.0,0.0,0.6,0.0,0.3547,0.0,0.194,0.0,0.0,0.6,0.0,0.2653354144739585,0.06,1,4,1,4,4,4,4,1,4,1,4,4,4,4,4,4,-3.5,1,-1.680613243069767,1,0.0,0.0,830000.0,0.0,0.0,2649000.0
QCOM,0.0,354485.82101186854,0,1,708971.6420237371,1,120.0,1.314545,,1.314545,1,0,0,0.0,0.0,0.0,354485.82101186854,0,1,0.0,419582.0,0.0,137573.66694159133,0,1,-354485.82101186854,SHORT,0.0,354485.82101186854,0.0,0.0,0.0,0.7,0.0,0.0,-0.3076923076923077,-0.3076923076923077,91+,0.0,0,0.0,170005500000.0,0.0,2e-06,,,,,0.0,1e-06,0.0,0.388094,0.0,0.0,0.0,0.02085143251317566,0.09592404257436263,0.2425685838804068,0.411,0.0,0.2054,0.0,0.0,0.3429,0.0,0.3662,0.0664,1.6502,0.0,0.0,0.3429,0.0,0.03428571428571428,0.10049992378608072,1,4,1,4,4,4,4,1,4,1,4,4,4,4,4,4,-3.5,1,-3.0309116650664625,1,0.0,0.0,0.0,839164.0,0.0,0.0
QQQ,243912.25242262578,432142.13968924276,1,1,919966.6445344943,2,42.0,30.515152,30.515152,,2,1,0,243912.25242262578,0.0,243912.25242262578,432142.13968924276,1,1,343359.5,506850.0,115867.92662027286,260092.43630050513,1,1,-188229.88726661698,SHORT,243912.25242262578,432142.13968924276,0.0,0.0,0.5644259840015261,1.0,0.0,0.0,-0.3076923076923077,-0.3076923076923077,31-90,0.0,0,0.0,489089881974.0,1e-06,1e-06,,,,,0.0,1e-06,0.475039,0.601868,0.0,0.0,0.004987063961294381,0.008835638511782082,0.2525041752391538,0.07510064430489988,0.1249,0.0,1.6502,0.0,0.15,0.6,0.0,0.085,0.0162,0.0498,0.0,0.0,0.6,0.0,0.245,0.06161701815927596,1,4,1,4,4,4,4,1,4,1,4,4,4,4,4,4,-3.5,1,-3.5,1,0.0,0.0,686719.0,506850.0,0.0,0.0
RH,0.0,1.69511530420665e-20,0,1,1.69511530420665e-20,1,50.0,14.5625,,14.5625,1,0,0,0.0,0.0,0.0,1.69511530420665e-20,0,1,0.0,512577.0,0.0,3.2533058155632105e-21,0,1,-1.69511530420665e-20,SHORT,0.0,1.69511530420665e-20,0.0,0.0,0.0,1.0,0.0,0.0,-0.3076923076923077,-0.3076923076923077,31-90,0.0,0,0.0,3212597701.0,0.0,0.00016,5814034.0,6776462.0,0.0,0.07564079898920706,0.0,0.0,0.0,0.191922,0.0,0.0,0.0,5.276463043222012e-26,0.14102809318391493,0.3249172294587195,0.565,0.0,0.2453,0.0,0.0,0.6,0.0,0.999,0.0,1.6502,0.0,0.0,0.6,0.0,0.06,0.52,1,4,1,4,4,4,4,1,4,1,4,4,4,4,4,4,-2.533479449344212,1,-2.2662046779169867,1,0.0,0.0,0.0,512577.0,0.0,0.0
RIOT,29472.780547958202,0.0,1,0,58945.561095916404,1,58.0,3900.0,3900.0,,1,0,0,0.0,0.0,29472.780547958202,0.0,1,0,851760.0,0.0,3.707205458465342,0.0,1,0,29472.780547958202,LONG,29472.780547958202,0.0,0.0,0.0,99.0,1.0,0.0,0.0,-0.3076923076923077,-0.3076923076923077,31-90,0.0,0,0.0,7272518160.0,0.000117,0.0,,,,,0.0,0.0,0.000126,0.0,0.0,0.0,0.04052623850437825,0.0,0.2902858684539723,0.12408458501022257,0.5052,0.1475,1.6502,0.0,0.0,0.6,0.0,0.3506,0.0,0.2902,0.0,0.0,0.6,0.0,0.5347464868738772,0.06,1,4,1,4,4,4,4,1,4,1,4,4,4,4,4,4,-3.5,1,-2.2272282128353145,1,0.0,0.0,1703520.0,0.0,0.0,0.0
ROST,0.0,3.4946638316899365e-12,0,1,6.989327663379873e-12,1,43.0,1.259786,,1.259786,1,0,0,0.0,0.0,0.0,3.4946638316899365e-12,0,1,0.0,253030.0,0.0,1.9997225454036442e-12,0,1,-3.4946638316899365e-12,SHORT,0.0,3.4946638316899365e-12,0.0,0.0,0.0,1.0,0.0,0.0,-0.3076923076923077,-0.3076923076923077,31-90,0.0,0,0.0,75284110726.0,0.0,3e-06,4699393.0,24553938.0,0.0,0.010305067969137984,0.0,0.0,0.0,0.572222,0.0,0.0,0.0,4.641967339441554e-19,0.14981281318821899,0.3156829659582727,0.5945,0.0,0.3036,0.0,0.0,0.6,0.0,0.9067,0.0,1.6502,0.0,0.0,0.6,0.0,0.06,0.11998875438683379,1,4,1,4,4,4,4,1,4,1,4,4,4,4,4,4,-1.861836736798464,1,-1.259409997904248,1,0.0,0.0,0.0,506060.0,0.0,0.0
SEI,0.02665600081635375,0.0,1,0,0.02665600081635375,1,35.0,6.023392,6.023392,,1,0,0,0.0,0.0,0.02665600081635375,0.0,1,0,510000.0,0.0,0.010663663094249841,0.0,1,0,0.02665600081635375,LONG,0.02665600081635375,0.0,0.0,0.0,99.0,1.0,0.0,0.0,-0.3076923076923077,-0.3076923076923077,31-90,0.0,1,1.0,3870894552.0,0.000132,0.0,719735.0,12215028.0,0.7085941353414799,0.0,0.0,0.0,0.400047,0.0,0.0,0.0,6.886263745567863e-08,0.0,0.40838646221527664,0.16041344748081746,1.8337,0.0,1.6502,0.0,0.0,0.6,0.0,0.6511,0.0,0.3531,0.0,0.0,0.6,0.0,0.52,0.06,1,4,1,4,4,4,4,1,4,1,4,4,4,4,4,4,0.12252250157357761,1,-1.4497057488666365,1,0.0,0.0,510000.0,0.0,0.0,0.0
SILJ,1602.473500654375,17502.526728703782,1,3,36607.52695806181,4,54.0,29.953659,3.562044,38.750864,4,0,0,0.0,0.0,1602.473500654375,17502.52672870365,1,3,632840.0,1652141.0,590.7617857407254,5992.293972210886,0,1,-15900.053228049408,SHORT,1602.473500654375,5834.175576234594,0.0,0.0,0.0915566949557261,1.0,0.0,0.3333333333333333,-0.3076923076923077,0.025641025641025605,31-90,0.0,0,0.0,959598000.0,0.000659,0.001722,,,,,1e-06,6e-06,0.368656,0.342367,0.0,0.0,0.016699425182778362,0.06079812146580749,0.2952857744616859,0.41505540017655757,0.6536,0.0491,1.6502,0.0,0.0,0.6,0.0,1.3599,0.2294,1.6502,0.3111,0.0,0.6,0.0,0.5249130762974175,0.5740481880869102,1,4,1,4,4,4,4,1,4,1,4,4,4,4,4,4,-3.5,1,-1.628324387772364,1,0.0,0.0,632840.0,2185682.0,0.0,0.0
SITM,219034.0384789977,0.0,1,0,438068.0769579954,1,92.0,19.666667,19.666667,,1,0,0,0.0,0.0,219034.0384789977,0.0,1,0,308560.0,0.0,120397.69140974738,0.0,1,0,219034.0384789977,LONG,219034.0384789977,0.0,0.0,0.0,99.0,0.7,0.0,0.0,-0.3076923076923077,-0.3076923076923077,91+,0.0,0,0.0,18605250684.0,1.7e-05,0.0,,,,,6e-06,0.0,0.549676,0.0,0.0,0.0,0.11772700201635063,0.0,0.3205643152578346,0.1319081374224177,0.7613,0.4513,1.6502,0.0,0.0,0.3429,0.0,0.5764,0.0,0.3998,0.0,0.0,0.3429,0.0,0.3118339270063233,0.03428571428571428,1,4,1,4,4,4,4,1,4,1,4,4,4,4,4,4,-1.813654871481645,1,-1.7221204236100938,1,0.0,0.0,617120.0,0.0,0.0,0.0
SKHY,3.1129871438421313e-06,0.005690511215977195,4,2,0.005693624203121037,6,44.333333,667.851851,989.05,25.455552,6,0,1,0.0,0.0056895160609841166,1.0427555624586126e-06,0.0056895160609841166,4,2,5652775.0,3848496.0,7.963887750129569e-07,0.004183470010471959,0,1,-0.005687398228833353,SHORT,7.782467859605328e-07,0.0028452556079885975,0.665031,0.000175,0.000547048766919539,1.0,0.0,0.0,-0.3076923076923077,-0.3076923076923077,31-90,0.5,0,0.0,1110000000000.0,5e-06,3e-06,,,,,0.0,0.0,0.255828,0.735166,0.0,0.0,7.011232305950746e-15,2.563293340530268e-11,0.3522959371108201,0.29016930339295643,0.4025,0.0,1.6502,0.4667,0.0,0.6,0.4036,0.346,0.0,1.6502,0.1556,0.15,0.6,0.0,0.33351256303544496,0.2688788619423893,1,4,1,4,4,4,4,1,4,1,4,4,4,4,4,4,-3.102134404951167,1,-3.5,1,0.0,0.0,5652775.0,3848496.0,2311510.0,1705006.0
SMH,0.030209039834552046,77363.5857787717,2,4,77363.70399315622,6,76.166667,6.721895,5.929204,7.118241,6,0,1,0.0,0.03152393335991916,0.01634763059788473,77363.44369667953,2,4,780940.0,5638419.5,0.010833549592202577,35146.06892764551,0,1,-77363.55556973186,SHORT,0.015104519917276023,19340.896444692924,0.45885,2e-06,3.9048138126556825e-07,1.0,0.0,0.25,-0.3076923076923077,-0.05769230769230771,91+,0.25,0,0.0,66492507964.0,1.2e-05,8.5e-05,,,,,0.0,1e-06,0.358619,0.454297,0.0,0.0,2.2716123033671442e-09,0.0029087331846716267,0.30816012311096563,0.3337585118683705,0.4196,0.0,1.6502,0.1556,0.0,0.6,0.2563,0.4707,0.0,1.6502,0.4667,0.15,0.6,0.0,0.3150692280252534,0.5485739393862058,1,4,1,4,4,4,4,1,4,1,4,4,4,4,4,4,-3.1724283599672303,1,-2.9937250357667478,1,2458610.0,0.0,1561880.0,6999072.0,1404980.0,0.0
SNOW,7.801620578548113e-11,0.0,2,0,1.560304404338094e-10,2,75.5,21.907895,21.907895,,2,0,0,0.0,0.0,7.801423464832827e-11,0.0,2,0,1206772.5,0.0,3.8841210871947536e-11,0.0,1,0,7.801620578548113e-11,LONG,3.900810289274056e-11,0.0,2.5e-05,0.0,99.0,1.0,0.0,0.0,-0.3076923076923077,-0.3076923076923077,31-90,0.0,0,0.0,112648466000.0,1.1e-05,0.0,,,,,0.0,0.0,0.497866,0.0,0.0,0.0,3.4628170518310087e-18,0.0,0.28738561024846976,0.11015532453276566,0.4681,0.0,1.6502,0.1556,0.0,0.6,0.0,0.3231,0.0,0.1784,0.0,0.0,0.6,0.0,0.2856301087511132,0.06,1,4,1,4,4,4,4,1,4,1,4,4,4,4,4,4,-3.5,1,-2.3784281629674626,1,0.0,0.0,1555210.0,0.0,645320.0,612750.0
SPCX,0.0,366383.53447209334,0,1,366383.53447209334,1,36.0,19.596154,,19.596154,1,0,0,0.0,0.0,0.0,366383.53447209334,0,1,0.0,570000.0,0.0,195394.1243506459,0,1,-366383.53447209334,SHORT,0.0,366383.53447209334,0.0,0.0,0.0,1.0,0.0,0.0,-0.3076923076923077,-0.3076923076923077,31-90,0.0,0,0.0,1770000000000.0,0.0,0.0,,,,,0.0,0.0,0.0,0.533305,0.0,0.0,0.0,0.0020699634715937477,0.0960228561311773,0.23820900812002876,0.223,0.0,0.1373,0.0,0.0,0.6,0.0,0.1319,0.0,1.6502,0.0,0.0,0.6,0.0,0.06,0.23,1,4,1,4,4,4,4,1,4,1,4,4,4,4,4,4,-3.5,1,-3.1089436305908813,1,1938272.0,1413036.0,0.0,570000.0,4157679.0,8613522.0
SPY,0.0,729521.6306253987,0,2,1459043.2612507974,2,102.0,2.332423,,2.332423,2,0,0,0.0,0.0,0.0,435174.19184335676,0,2,0.0,811034.0,0.0,461541.5648171535,0,2,-729521.6306253987,SHORT,0.0,364760.81531269936,0.0,0.40348,0.0,0.7,0.0,0.0,-0.3076923076923077,-0.3076923076923077,91+,0.0,0,0.0,820108805426.0,0.0,1e-06,,,,,0.0,1e-06,0.0,0.632663,0.0,0.0,0.0,0.00444771246082679,0.050273714544007204,0.24503588038857543,0.11,0.0,0.0498,0.0,0.0,0.3429,0.0,0.085,0.0,1.6502,0.1556,0.0,0.3429,0.2168,0.03428571428571428,0.19612317669841267,1,4,1,4,4,4,4,1,4,1,4,4,4,4,4,4,-3.5,1,-3.5,1,0.0,0.0,0.0,1622068.0,0.0,0.0
SQQQ,0.0,2109.8423125146487,0,1,4219.684625029297,1,31.0,1.497439,,1.497439,1,0,0,0.0,0.0,0.0,2109.8423125146487,0,1,0.0,662324.0,0.0,1138.8657482518558,0,1,-2109.8423125146487,SHORT,0.0,2109.8423125146487,0.0,0.0,0.0,1.0,0.0,0.0,-0.3076923076923077,-0.3076923076923077,31-90,0.0,0,0.0,1846893153.0,0.0,0.000359,,,,,0.0,1e-06,0.0,0.539787,0.0,0.0,0.0,0.011423737800356925,0.08098105260682337,0.24491255646956384,0.16,0.0,0.0498,0.0,0.0,0.6,0.0,0.1719,0.027,1.6502,0.0,0.0,0.6,0.0,0.06,0.42053048409482174,1,4,1,4,4,4,4,1,4,1,4,4,4,4,4,4,-3.5,1,-2.884029796492586,1,903380.0,0.0,0.0,1324648.0,0.0,0.0
STX,304888.0664608931,0.0,1,0,609776.1329217862,1,120.0,2.21875,2.21875,,1,0,0,0.0,0.0,304888.0664608931,0.0,1,0,429450.0,0.0,116679.64614878035,0.0,1,0,304888.0664608931,LONG,304888.0664608931,0.0,0.0,0.0,99.0,0.7,0.0,0.0,-0.3076923076923077,-0.3076923076923077,91+,0.0,0,0.0,188695159906.0,2e-06,0.0,,,,,1e-06,0.0,0.382697,0.0,0.0,0.0,0.016157704660404407,0.0,0.21360414161379795,0.05054256581730743,0.0961,0.0469,1.6502,0.0,0.0,0.3429,0.0,0.1035,0.0,0.0591,0.0,0.0,0.3429,0.0,0.1600296044823151,0.03428571428571428,1,4,1,4,4,4,4,1,4,1,4,4,4,4,4,4,-3.3337156198320903,1,-3.2751542749653804,1,0.0,0.0,858900.0,0.0,0.0,0.0
T,1.0057202105751847e-21,52112.318756519686,1,1,52112.318756519686,2,54.5,1.640702,1.722708,1.558695,2,0,0,0.0,0.0,1.0057202105751847e-21,52112.318756519686,1,1,579648.0,1213152.0,3.828895186726269e-22,23084.81730825855,0,1,-52112.318756519686,SHORT,1.0057202105751847e-21,52112.318756519686,0.0,0.0,1.9299087712334056e-26,1.0,0.0,0.0,-0.3076923076923077,-0.3076923076923077,8-30,0.0,0,0.0,172131927528.0,3e-06,7e-06,,,,,0.0,0.0,0.380712,0.442982,0.0,0.0,5.842729033587265e-29,0.0030274638473471336,0.28930338922586796,0.31430792916511946,0.6429,0.0,1.6502,0.0,0.0,0.6,0.0,0.8929,0.0,1.6502,0.0,0.0,0.6,0.0,0.15146745038683376,0.1564869995766246,1,4,1,4,4,4,4,1,4,1,4,4,4,4,4,4,-3.5,1,-2.4641729735544478,1,0.0,0.0,579648.0,1213152.0,0.0,0.0
TEAM,406101.34739318636,0.0,1,0,406101.34739318636,1,92.0,18.363636,18.363636,,1,0,0,0.0,0.0,406101.34739318636,0.0,1,0,502462.0,0.0,218210.43467738768,0.0,1,0,406101.34739318636,LONG,406101.34739318636,0.0,0.0,0.0,99.0,0.7,0.0,0.0,-0.3076923076923077,-0.3076923076923077,91+,0.0,0,0.0,27703475648.0,1.8e-05,0.0,,,,,8e-06,0.0,0.53733,0.0,0.0,0.0,0.1465885914652388,0.0,0.3437165251297537,0.11469092704322688,0.8846,0.5595,1.6502,0.0,0.0,0.3429,0.0,0.5939,0.0,0.2101,0.0,0.0,0.3429,0.0,0.3262685022808772,0.03428571428571428,1,4,1,4,4,4,4,1,4,1,4,4,4,4,4,4,-3.5,1,-1.8624826570579067,1,0.0,0.0,502462.0,0.0,0.0,0.0
TRGP,0.0,3.675858503410793e-36,0,1,7.351717006821586e-36,1,35.0,4.527344,,4.527344,1,0,1,0.0,3.675858503410793e-36,0.0,3.675858503410793e-36,0,1,0.0,475020.0,0.0,1.599561642501498e-36,0,1,-3.675858503410793e-36,SHORT,0.0,3.675858503410793e-36,0.0,0.0,0.0,1.0,0.0,0.0,-0.3076923076923077,-0.3076923076923077,31-90,1.0,0,0.0,63705312029.0,0.0,7e-06,3487097.0,68188.0,0.0,6.966328386226316,0.0,0.0,0.0,0.435153,0.0,0.0,0.0,5.7700973220843264e-43,0.1859245634422395,0.48703960655030826,0.8696,0.0,0.3897,0.0,0.0,0.6,0.0,2.4702,0.0,1.6502,0.0,0.15,0.6,0.0,0.06,0.2694957395766246,1,4,1,4,4,4,4,1,4,1,4,4,4,4,4,4,-1.645000533503881,1,-0.05615810833314249,1,0.0,0.0,0.0,950040.0,0.0,0.0
TTWO,5.4460987553384366e-11,0.0,1,0,5.4460987553384366e-11,1,43.0,4.954082,4.954082,,1,0,0,0.0,0.0,5.4460987553384366e-11,0.0,1,0,7029030.0,0.0,2.955046771415494e-11,0.0,1,0,5.4460987553384366e-11,LONG,5.4460987553384366e-11,0.0,0.0,0.0,99.0,1.0,0.0,0.0,-0.3076923076923077,-0.3076923076923077,31-90,0.0,0,0.0,44321844209.0,0.000159,0.0,,,,,0.0,0.0,0.542599,0.0,0.0,0.0,1.2287617657914494e-17,0.0,0.4383345382624577,0.1430295890968805,2.1332,0.0,1.6502,0.0,0.0,0.6,0.0,0.4599,0.0,0.3704,0.0,0.0,0.6,0.0,0.52,0.06,1,4,1,4,4,4,4,1,4,1,4,4,4,4,4,4,-3.5,1,-2.5721015351927825,1,0.0,0.0,7029030.0,0.0,0.0,0.0
UBER,1.809887237772171e-24,0.0,1,0,3.619774475544342e-24,1,32.0,38.25228,38.25228,,1,0,0,0.0,0.0,1.809887237772171e-24,0.0,1,0,276870.0,0.0,5.507469799234502e-26,0.0,1,0,1.809887237772171e-24,LONG,1.809887237772171e-24,0.0,0.0,0.0,99.0,1.0,0.0,0.0,-0.3076923076923077,-0.3076923076923077,31-90,0.0,0,0.0,159401391843.0,2e-06,0.0,,,,,0.0,0.0,0.03043,0.0,0.0,0.0,1.1354274996260963e-31,0.0,0.2540979420646139,0.10408144291552177,0.2908,0.0,1.6502,0.0,0.0,0.6,0.0,0.263,0.0,0.1778,0.0,0.0,0.6,0.0,0.23418205378098517,0.06,1,4,1,4,4,4,4,1,4,1,4,4,4,4,4,4,-3.5,1,-3.5,1,0.0,0.0,553740.0,0.0,0.0,580800.0
UNH,1.5337898600629024e-19,0.0,2,0,3.067579720125805e-19,2,96.0,1.953551,1.953551,,2,0,0,0.0,0.0,1.5333271125742112e-19,0.0,2,0,618737.0,0.0,3.7992227636392345e-20,0.0,1,0,1.5337898600629024e-19,LONG,7.668949300314512e-20,0.0,0.000302,0.0,99.0,0.7,0.0,0.0,-0.3076923076923077,-0.3076923076923077,31-90,0.0,0,0.0,348814333493.0,2e-06,0.0,,,,,0.0,0.0,0.247702,0.0,0.0,0.0,2.1985763094991657e-27,0.0,0.2537518000646779,0.0737004139647144,0.3889,0.0,1.6502,0.1556,0.0,0.3429,0.0,0.3217,0.0,0.0724,0.0,0.0,0.3429,0.0,0.15286479162225503,0.03428571428571428,1,4,1,4,4,4,4,1,4,1,4,4,4,4,4,4,-3.5,1,-3.4882195696434337,1,0.0,0.0,1237474.0,0.0,0.0,0.0
VLO,0.0,4.867576187494398e-41,0,1,4.867576187494398e-41,1,39.0,3.096774,,3.096774,1,0,0,0.0,0.0,0.0,4.867576187494398e-41,0,1,0.0,532191.0,0.0,1.6291399960215558e-41,0,1,-4.867576187494398e-41,SHORT,0.0,4.867576187494398e-41,0.0,0.0,0.0,1.0,0.0,0.0,-0.3076923076923077,-0.3076923076923077,31-90,0.0,0,0.0,99697762646.0,0.0,5e-06,,,,,0.0,0.0,0.0,0.334692,0.0,0.0,0.0,4.882332419813526e-48,0.13611420738271668,0.296003703066837,0.6095,0.0,0.1517,0.0,0.0,0.6,0.0,0.7099,0.0,1.6502,0.0,0.0,0.6,0.0,0.06,0.24648653922592115,1,4,1,4,4,4,4,1,4,1,4,4,4,4,4,4,-3.5,1,-3.3096394003954996,1,0.0,0.0,0.0,532191.0,0.0,0.0
WDC,185758.10293693276,0.0,3,0,371516.2058738655,3,110.0,2.670284,2.670284,,3,0,0,0.0,0.0,185758.10293693264,0.0,3,0,867794.5,0.0,91688.59767149358,0.0,1,0,185758.10293693276,LONG,61919.367645644255,0.0,0.0,0.0,99.0,0.7,0.3333333333333333,0.0,0.025641025641025605,-0.3076923076923077,91+,0.0,0,0.0,166602364813.0,5e-06,0.0,,,,,1e-06,0.0,0.493591,0.0,0.0,0.0,0.0037165959627970826,0.0,0.24233389530874208,0.0645653881224903,0.1192,0.0,1.6502,0.3111,0.0,0.3429,0.0,0.2014,0.0,0.1014,0.0,0.0,0.3429,0.0,0.22946267662274655,0.03428571428571428,1,4,1,4,4,4,4,1,4,1,4,4,4,4,4,4,-3.5,1,-3.5,1,512400.0,0.0,1735589.0,0.0,0.0,503270.0
XLV,0.0,290381.31737103977,0,1,580762.6347420795,1,120.0,24.285714,,24.285714,1,0,0,0.0,0.0,0.0,290381.31737103977,0,1,0.0,294164.0,0.0,202965.48801925543,0,1,-290381.31737103977,SHORT,0.0,290381.31737103977,0.0,0.0,0.0,0.7,0.0,0.0,-0.3076923076923077,-0.3076923076923077,91+,0.0,0,0.0,45875689905.0,0.0,6e-06,,,,,0.0,4e-06,0.0,0.698962,0.0,0.0,0.0,0.06329742789097348,0.09933646758676108,0.25286996666806194,0.3788,0.0,0.2717,0.0,0.0,0.3429,0.0,0.2963,0.2394,1.6502,0.0,0.0,0.3429,0.0,0.03428571428571428,0.2487317766149264,1,4,1,4,4,4,4,1,4,1,4,4,4,4,4,4,-3.5,1,-1.8023437050766018,1,0.0,0.0,0.0,588328.0,0.0,0.0
XPO,1.1360325491669413e-55,0.0,2,0,2.2720650983338826e-55,2,55.5,1170.0,1170.0,,2,0,0,0.0,0.0,1.1360325491507123e-55,0.0,2,0,635302.0,0.0,3.9042476886999823e-57,0.0,1,0,1.1360325491669413e-55,LONG,5.680162745834707e-56,0.0,0.0,0.0,99.0,1.0,0.0,0.0,-0.3076923076923077,-0.3076923076923077,31-90,0.0,0,0.0,23116380785.0,2.7e-05,0.0,1193550.0,62642.0,0.5322793347576558,0.0,0.0,0.0,0.034367,0.0,0.0,0.0,2.4572024481966096e-62,0.0,0.5220719294099316,0.18825594964902725,2.815,0.0,1.6502,0.1556,0.0,0.6,0.0,0.8514,0.0,0.4312,0.0,0.0,0.6,0.0,0.3427885934677432,0.06,1,4,1,4,4,4,4,1,4,1,4,4,4,4,4,4,-0.23369540601258473,1,-1.3498470601292487,1,0.0,0.0,1270604.0,0.0,0.0,1024500.0
ZM,0.0,1.1772618989423594e-10,0,2,1.1772709823368585e-10,2,75.5,4.458616,,4.458616,2,0,0,0.0,0.0,0.0,1.1772528155478606e-10,0,2,0.0,996173.0,0.0,5.841794596640389e-11,0,1,-1.1772618989423594e-10,SHORT,0.0,5.886309494711797e-11,0.0,8e-06,0.0,1.0,0.0,0.0,-0.3076923076923077,-0.3076923076923077,31-90,0.0,0,0.0,28441467361.0,0.0,3.5e-05,,,,,0.0,0.0,0.0,0.49622,0.0,0.0,0.0,2.0696222947987996e-17,0.1373610226914153,0.3435432058817806,0.502,0.0,0.2716,0.0,0.0,0.6,0.0,1.0297,0.0,1.6502,0.1556,0.0,0.6,0.0,0.06,0.36871879306066635,1,4,1,4,4,4,4,1,4,1,4,4,4,4,4,4,-3.5,1,-2.383383181456809,1,0.0,0.0,0.0,1474346.0,0.0,0.0
ZS,0.0,253114.1634012327,0,1,506228.3268024654,1,120.0,4.223684,,4.223684,1,0,0,0.0,0.0,0.0,253114.1634012327,0,1,0.0,324801.5,0.0,29150.457535422316,0,1,-253114.1634012327,SHORT,0.0,253114.1634012327,0.0,0.0,0.0,0.7,0.0,0.0,-0.3076923076923077,-0.3076923076923077,91+,0.0,0,0.0,29851578315.0,0.0,1.1e-05,,,,,0.0,1e-06,0.0,0.115167,0.0,0.0,0.0,0.08479088131633106,0.08030298698001771,0.2756465907871325,0.3709,0.0,0.0893,0.0,0.0,0.3429,0.0,0.4391,0.3243,1.6502,0.0,0.0,0.3429,0.0,0.03428571428571428,0.27679141598454293,1,4,1,4,4,4,4,1,4,1,4,4,4,4,4,4,-3.5,1,-1.7529826207875623,1,0.0,0.0,0.0,649603.0,0.0,0.0
